# Visual review of the generated pack, by eye, at 118px per tile.
# sheet | W = white/light-skinned person or non-Black hair
#       | U = unclear: abstract blob, scattered icons, empty frame
#       | T = text rendered into the picture
#       | D = duplicate of a neighbouring tile
# Only W is fixed by a reshoot (the skin + hair prompt/negative changed).
# U, T and D need a written PROMPT_OVERRIDE - reshooting them changes nothing.
001 W 18,21,23,46,48,51,60,66,67,75,80
001 T 25,26,38,65
001 U 7,27,29,36,44,56,62,63,74
001 D 3,5,12,15
002 W 5,13,61
002 T 26
002 U 7,11,17,18,20,21,29,45,46,48,50,52,56,57,71,74,79
002 D 64,66
003 W 2,9,10,29,36,45,46,47,49,52,57,75
003 U 4,7,8,13,27,30,31,34,35,37,39,48,59,63,65,71,73
004 W 5,7,45,46,48,50,53,72
004 U 14,17,22,24,27,35,37,38,39,40,43,59,66,70
004 D 29,54,62
005 W 13,20,24,26,27,31,38
005 U 7,9,11,16,17,18,21,22,29,30,32,33,35,36,37,39,40,43,47,49,50,55,64,65,69,70,76,77
005 D 78,79
006 W 7,20,32,47,48
006 X 39,78
006 T 10,43,45
006 U 1,9,11,12,13,15,17,23,27,29,30,34,35,42,44,46,49,56,58,71,77
007 W 5,7,18,29,58,69
007 X 75
007 T 2,15,39
007 U 4,6,14,20,25,36,42,43,48,50,67,68,76
007 D 13,24,31,41,52,73
008 W 1,23,24,42,75
008 U 2,6,13,15,25,35,36,37,39,40,43,44,49,51,52,54,64,68,70
008 D 27,29,30,31,32,33,41,61,73
009 W 15,25,26,36,66,76
009 T 2
009 U 3,6,7,8,16,17,20,22,27,30,31,34,35,38,39,43,44,46,50,51,52,53,54,55,58,62,65,70,73,80
009 D 45,67,69
010 W 12,46,50,66,80
010 T 17,60
010 U 6,7,21,29,30,31,32,38,49,53,57,62,64,68,71,73,74,79
010 D 18,37,44,52
011 W 56
011 U 5,6,10,12,16,19,25,27,36,37,39,44,45,54,55,59,63,65,74,75
011 D 50,76,77,78,79
012 W 48,62,72
012 X 49
012 U 19,26,28,29,30,34,38,51,53,55,61,74,75
012 D 7,10,41,46,52,56
013 W 29,38,42,45,47,48,49,50,56,70,74
013 T 15
013 U 1,2,3,8,10,13,22,24,32,43,52,54,59,60,63,64,65,67,69,71,75,79
013 D 20
014 W 30,60,73
014 T 8,33
014 X 80
014 U 13,18,38,46,53,56,57,62,63,67,68,76
014 D 2,22,28,31,32,43,45,49,64,79
015 W 3,21,39
015 T 67
015 U 5,8,9,13,14,17,19,29,30,32,33,36,38,50,51,52
015 D 44
016 W 13,15,18
016 U 9,10,11,23,28,30,34,39,41,44,46,55,76
016 D 19,26
